beta  ances 
0.216 0.385
0.215 0.383
0.216 0.384
0.215 0.383
0.214 0.383
0.215 0.383
0.216 0.383
0.215 0.383
0.215 0.383
0.215 0.383
0.215 0.383
0.215 0.383
0.214 0.382
0.214 0.382
0.214 0.382
0.214 0.381
0.214 0.381
0.214 0.381
0.214 0.381
0.214 0.381
0.214 0.382
0.214 0.382
0.214 0.382
0.214 0.382
0.214 0.382
0.214 0.382
0.215 0.382
0.214 0.382
0.214 0.382
0.214 0.382
0.214 0.382
0.214 0.382
0.214 0.382
0.214 0.382
0.214 0.382
0.214 0.382
0.214 0.382
0.214 0.382
0.214 0.382
0.214 0.382
0.214 0.382
0.214 0.382
0.214 0.382
0.214 0.382
0.214 0.382
0.214 0.382
0.214 0.382
0.214 0.382
0.214 0.382
